[ 1, 0, 0, 0,  0, 0, 0, 0, 0,  0, 0, 0,  0,  0, 0, 0,           r1, -(H*mu*r1)/2,            0,  (H*mu*r1)/2,            0,            0,            0,            0,            0,            0,            0,            0,            0,            0,            0,            0]
[ 0, 1, 0, 0,  0, 0, 0, 0, 0,  0, 0, 0,  0,  0, 0, 0,  (H*mu*r2)/2,           r2, -(H*mu*r2)/2,            0,            0,            0,            0,            0,            0,            0,            0,            0,            0,            0,            0,            0]
[ 0, 0, 1, 0,  0, 0, 0, 0, 0,  0, 0, 0,  0,  0, 0, 0,            0,  (H*mu*r3)/2,           r3, -(H*mu*r3)/2,            0,            0,            0,            0,            0,            0,            0,            0,            0,            0,            0,            0]
[ 0, 0, 0, 1,  0, 0, 0, 0, 0,  0, 0, 0,  0,  0, 0, 0, -(H*mu*r4)/2,            0,  (H*mu*r4)/2,           r4,            0,            0,            0,            0,            0,            0,            0,            0,            0,            0,            0,            0]
[ 0, 0, 0, 0,  1, 0, 0, 0, 0,  0, 0, 0,  0,  0, 0, 0,            0,            0,            0,            0,           r1, -(H*mu*r1)/2,            0,  (H*mu*r1)/2,            0,            0,            0,            0,            0,            0,            0,            0]
[ 0, 0, 0, 0,  0, 1, 0, 0, 0,  0, 0, 0,  0,  0, 0, 0,            0,            0,            0,            0,  (H*mu*r2)/2,           r2, -(H*mu*r2)/2,            0,            0,            0,            0,            0,            0,            0,            0,            0]
[ 0, 0, 0, 0,  0, 0, 1, 0, 0,  0, 0, 0,  0,  0, 0, 0,            0,            0,            0,            0,            0,  (H*mu*r3)/2,           r3, -(H*mu*r3)/2,            0,            0,            0,            0,            0,            0,            0,            0]
[ 0, 0, 0, 0,  0, 0, 0, 1, 0,  0, 0, 0,  0,  0, 0, 0,            0,            0,            0,            0, -(H*mu*r4)/2,            0,  (H*mu*r4)/2,           r4,            0,            0,            0,            0,            0,            0,            0,            0]
[ 0, 0, 0, 0,  0, 0, 0, 0, 1,  0, 0, 0,  0,  0, 0, 0,            0,            0,            0,            0,            0,            0,            0,            0,           r1, -(H*mu*r1)/2,            0,  (H*mu*r1)/2,            0,            0,            0,            0]
[ 0, 0, 0, 0,  0, 0, 0, 0, 0,  1, 0, 0,  0,  0, 0, 0,            0,            0,            0,            0,            0,            0,            0,            0,  (H*mu*r2)/2,           r2, -(H*mu*r2)/2,            0,            0,            0,            0,            0]
[ 0, 0, 0, 0,  0, 0, 0, 0, 0,  0, 1, 0,  0,  0, 0, 0,            0,            0,            0,            0,            0,            0,            0,            0,            0,  (H*mu*r3)/2,           r3, -(H*mu*r3)/2,            0,            0,            0,            0]
[ 0, 0, 0, 0,  0, 0, 0, 0, 0,  0, 0, 1,  0,  0, 0, 0,            0,            0,            0,            0,            0,            0,            0,            0, -(H*mu*r4)/2,            0,  (H*mu*r4)/2,           r4,            0,            0,            0,            0]
[ 0, 0, 0, 0,  0, 0, 0, 0, 0,  0, 0, 0,  1,  0, 0, 0,            0,            0,            0,            0,            0,            0,            0,            0,            0,            0,            0,            0,           r1, -(H*mu*r1)/2,            0,  (H*mu*r1)/2]
[ 0, 0, 0, 0,  0, 0, 0, 0, 0,  0, 0, 0,  0,  1, 0, 0,            0,            0,            0,            0,            0,            0,            0,            0,            0,            0,            0,            0,  (H*mu*r2)/2,           r2, -(H*mu*r2)/2,            0]
[ 0, 0, 0, 0,  0, 0, 0, 0, 0,  0, 0, 0,  0,  0, 1, 0,            0,            0,            0,            0,            0,            0,            0,            0,            0,            0,            0,            0,            0,  (H*mu*r3)/2,           r3, -(H*mu*r3)/2]
[ 0, 0, 0, 0,  0, 0, 0, 0, 0,  0, 0, 0,  0,  0, 0, 1,            0,            0,            0,            0,            0,            0,            0,            0,            0,            0,            0,            0, -(H*mu*r4)/2,            0,  (H*mu*r4)/2,           r4]
[ 0, 0, 0, 0,  0, 0, 0, 0, 0,  0, 0, 0,  0,  0, 0, 0,            1,            1,            1,            1,            0,            0,            0,            0,            0,            0,            0,            0,            0,            0,            0,            0]
[ 0, 0, 0, 0,  0, 0, 0, 0, 0,  0, 0, 0,  0,  0, 0, 0,            0,            0,            0,            0,            1,            1,            1,            1,            0,            0,            0,            0,            0,            0,            0,            0]
[ 0, 0, 0, 0,  0, 0, 0, 0, 0,  0, 0, 0,  0,  0, 0, 0,            0,            0,            0,            0,            0,            0,            0,            0,            1,            1,            1,            1,            0,            0,            0,            0]
[ 0, 0, 0, 0,  0, 0, 0, 0, 0,  0, 0, 0,  0,  0, 0, 0,            0,            0,            0,            0,            0,            0,            0,            0,            0,            0,            0,            0,            1,            1,            1,            1]
[ 0, 0, 1, 0, -1, 0, 0, 0, 0,  0, 0, 0,  0,  0, 0, 0,            0,            0,            0,            0,            0,            0,            0,            0,            0,            0,            0,            0,            0,            0,            0,            0]
[ 0, 0, 0, 0,  0, 0, 0, 0, 0,  0, 0, 0,  0,  0, 0, 0,            0,            0,            1,            0,           -1,            0,            0,            0,            0,            0,            0,            0,            0,            0,            0,            0]
[ 0, 0, 0, 1,  0, 0, 0, 0, 0, -1, 0, 0,  0,  0, 0, 0,            0,            0,            0,            0,            0,            0,            0,            0,            0,            0,            0,            0,            0,            0,            0,            0]
[ 0, 0, 0, 0,  0, 0, 0, 0, 0,  0, 0, 0,  0,  0, 0, 0,            0,            0,            0,            1,            0,            0,            0,            0,            0,           -1,            0,            0,            0,            0,            0,            0]
[ 0, 0, 0, 0,  0, 0, 0, 1, 0,  0, 0, 0,  0, -1, 0, 0,            0,            0,            0,            0,            0,            0,            0,            0,            0,            0,            0,            0,            0,            0,            0,            0]
[ 0, 0, 0, 0,  0, 0, 0, 0, 0,  0, 0, 0,  0,  0, 0, 0,            0,            0,            0,            0,            0,            0,            0,            1,            0,            0,            0,            0,            0,           -1,            0,            0]
[ 0, 0, 0, 0,  0, 0, 0, 0, 0,  0, 1, 0, -1,  0, 0, 0,            0,            0,            0,            0,            0,            0,            0,            0,            0,            0,            0,            0,            0,            0,            0,            0]
[ 0, 0, 0, 0,  0, 0, 0, 0, 0,  0, 0, 0,  0,  0, 0, 0,            0,            0,            0,            0,            0,            0,            0,            0,            0,            0,            1,            0,           -1,            0,            0,            0]
[ 0, 1, 0, 0,  0, 0, 0, 0, 0,  0, 0, 0,  0,  0, 0, 0,            0,            0,            0,            0,            0,            0,            0,            0,            0,            0,            0,            0,            0,            0,            0,            0]
[ 0, 0, 0, 0,  0, 1, 0, 0, 0,  0, 0, 0,  0,  0, 0, 0,            0,            0,            0,            0,            0,            0,            0,            0,            0,            0,            0,            0,            0,            0,            0,            0]
[ 0, 0, 0, 0,  0, 0, 0, 0, 0,  0, 0, 1,  0,  0, 0, 0,            0,            0,            0,            0,            0,            0,            0,            0,            0,            0,            0,            0,            0,            0,            0,            0]
[ 0, 0, 0, 0,  0, 0, 0, 0, 0,  0, 0, 0,  0,  0, 0, 1,            0,            0,            0,            0,            0,            0,            0,            0,            0,            0,            0,            0,            0,            0,            0,            0]
 